2 2 82 2
98 2 178 2
2 18 34 18
66 18 114 18
130 18 146 18
162 18 178 18
18 34 66 34
82 34 130 34
146 34 162 34
2 50 34 50
66 50 82 50
114 50 146 50
162 50 178 50
18 66 66 66
82 66 98 66
130 66 162 66
2 82 18 82
98 82 114 82
50 98 130 98
146 98 178 98
2 114 18 114
66 114 82 114
98 114 162 114
50 130 114 130
2 146 50 146
82 146 146 146
50 162 82 162
98 162 130 162
146 162 162 162
2 178 82 178
98 178 178 178
2 2 2 178
18 82 18 98
18 114 18 130
18 146 18 162
34 66 34 146
34 162 34 178
50 2 50 18
50 34 50 66
50 82 50 98
50 114 50 130
50 146 50 162
66 66 66 82
66 130 66 146
82 2 82 18
82 34 82 50
82 66 82 98
82 114 82 130
82 146 82 162
98 50 98 66
114 18 114 34
114 50 114 82
114 130 114 146
130 2 130 18
130 34 130 50
130 66 130 130
130 162 130 178
146 18 146 34
146 66 146 82
146 130 146 146
162 50 162 66
162 82 162 98
162 114 162 162
178 2 178 178
